7
S1
9
1 C1 99 99 99
2 C2 99 99 99
3 C3 99 99 99
4 C4 99 99 99
5 C5 99 99 99
6 C6 99 99 99
7 C7 99 99 99
8 C8 99 99 99
9 C9 99 99 99
S2
9
1 C1 99 99 99
2 C2 99 99 99
3 C3 99 99 99
4 C4 99 99 99
5 C5 99 99 99
6 C6 99 99 99
7 C7 99 99 99
8 C8 99 99 99
9 C9 99 99 99
S3
9
1 C1 99 99 99
2 C2 99 99 99
3 C3 99 99 99
4 C4 99 99 99
5 C5 99 99 99
6 C6 99 99 99
7 C7 99 99 99
8 C8 99 99 99
9 C9 99 99 99
S4
9
1 C1 99 99 99
2 C2 99 99 99
3 C3 99 99 99
4 C4 99 99 99
5 C5 99 99 99
6 C6 99 99 99
7 C7 99 99 99
8 C8 99 99 99
9 C9 99 99 99
S5
9
1 C1 99 99 99
2 C2 99 99 99
3 C3 99 99 99
4 C4 99 99 99
5 C5 99 99 99
6 C6 99 99 99
7 C7 99 99 99
8 C8 99 99 99
9 C9 99 99 99
S6
9
1 C1 99 99 99
2 C2 99 99 99
3 C3 99 99 99
4 C4 99 99 99
5 C5 99 99 99
6 C6 99 99 99
7 C7 99 99 99
8 C8 99 99 99
9 C9 99 99 99
S7
9
1 C1 99 99 99
2 C2 99 99 99
3 C3 99 99 99
4 C4 99 99 99
5 C5 99 99 99
6 C6 99 99 99
7 C7 99 99 99
8 C8 99 99 99
9 C9 99 99 99
